THRESHOLD_BASELINE SUMMARY
================================================================================
      fold     TP      FP        TN      FN      IoU  Precision   Recall  Pixel Accuracy
         1 122657 1611309  49589050  450424 0.056152   0.070738 0.214031        0.960178
         2  88692 1816349  51072561  434238 0.037914   0.046556 0.169606        0.957864
         3  53812 1442680  42344552  264684 0.030555   0.035959 0.168957        0.961289
         4 127653 1705901  40820137  403461 0.057064   0.069621 0.240350        0.951010
         5 127238 1872837  41166491  349338 0.054157   0.063617 0.266984        0.948934
 global_cv 520052 8449076 224992791 1902145 0.047837   0.057982 0.214703        0.956114
final_test  61434  681908  20715315  168223 0.067394   0.082646 0.267503        0.960691
